13.020646040189941
3.3023168774152674
-8.852216851807
-24.663503234905008
-50.545428737319696
-40.72698941724381
55.869961466633434
-39.34808897556368
-22.484981634743075
10.301016006925439
113.7721648351569
-47.14852028633885
-26.56138949489774
71.09913672913913
62.93299480035756
-37.03375972606442
7.622669702945676
88.36601690073537
-41.75154334164634
-20.922234165801232
28.220222808240134
-2.429995929236369
-40.995913616905625
60.94086358775943
38.81856833746303
-11.777894141601852
6.562122853582341
166.5917054829178
-22.357884260097247
-47.46436983718518
-6.187440800849244
-15.647904643726113
-44.62087384705086
-24.74959084492503
17.668301670454902
23.060390814426157
-29.00655313524461
-24.20671357425264
114.10457544527915
-38.29178006877939
-40.07711814100954
-44.89893288129302
5.729974859918874
-16.34616174810661
15.479628169366473
-1.507965160269674
-36.410893391078694
30.2738981568504
25.11363155735082
-29.538034060897285
109.41596467579218
72.74769600092849
-36.81924257194482
-14.846180775690712
-0.273592674208593
21.199621678318813
-23.378218109276713
-3.012732841410692
-12.533870162697898
-24.844019403948927
-36.62771105943075
-30.644176493397868
12.974003964793612
-31.484406163937624
-28.88645693784271
-52.846512105979194
31.18792131634391
80.72803588982485
18.045271355871893
-11.02872315015114
-13.460207363871719
-27.497649514050227
-36.34707685046774
-14.700634458855047
-15.293379020952457
-48.246147684281816
-15.769862329793266
11.879507231728565
-21.956909887427145
-44.364520061947154
19.684199825255252
-5.0265658533984325
-35.19210348288816
-15.874314302052975
27.101626316852844
-28.841841036849384
-29.746739744716045
-32.32587822556561
28.175838974603188
-50.57723884367948
-55.457376630144815
-45.45707479227823
-37.10348859459678
-59.41077033368361
-50.031594266158656
-34.7419582173869

 
 
 
Process details: step_max = 200000 n_MC = 1000000 epsilon = 0.5 alpha = 0.05