13.694799160848627
3.748681624257671
-8.189445630340114
-23.81497069578267
-50.85022085256277
-40.74055540507144
56.397124493291855
-38.88056673245124
-21.982317507833507
10.812883823994385
117.01949230599534
-47.06794936467
-25.87395152537705
71.78232927905322
63.61895418709284
-36.978216069151244
8.084935803723667
89.45228191935685
-41.57756360673849
-20.431712334563983
28.748747411407777
-1.8150315305254332
-40.964898520428285
61.82782280298508
39.47050854944722
-11.204483591740436
7.013685616816834
268.8955661731519
-22.051255661235118
-47.46695431372907
-5.661912725946658
-15.132889406982274
-44.38603792686597
-24.41003314255614
18.087662515754314
23.345825071138584
-28.98074065280717
-23.7563072033333
117.5656068808245
-37.842524303301495
-39.84697523476883
-44.996729897001586
6.5259577188842455
-16.207057850265446
15.869439034577361
-0.7022871317354302
-36.199244340506915
30.93093793239952
25.655263450508716
-29.006511361156015
112.39378330453243
73.6563278768065
-36.72148180406747
-14.554297760128641
0.02950134521904664
22.012582491713914
-23.266612105337874
-2.929218725325922
-11.892303269498214
-24.46738673804694
-36.08680093193711
-30.01560174192401
13.377095989049446
-31.295629003340938
-28.782352628650195
-52.81754240248037
31.65644297448025
81.53570226813302
18.340306768471827
-10.544360197248425
-13.034924411183477
-27.141520229392064
-36.12262689542766
-14.091147094250147
-14.694209842041515
-48.20020874935847
-15.499621921507176
12.531664851740269
-21.18959210746714
-44.032053518727494
20.231636335262593
-4.517722365293067
-35.286210591306144
-15.648975510158913
27.454249727452996
-28.32852475701757
-29.237238302622973
-32.208514775894706
28.80742829167388
-50.45366239723557
-55.561358705711754
-45.18469753068921
-37.08715357532603
-59.981676595043695
-49.97139265914214
-34.243197104012594

 
 
 
Process details: step_max = 50000 n_MC = 100000 epsilon = 0.5 alpha = 0.05