10.809169221684089
3.4002256407687264
-4.969692100142381
-14.927294737405688
-29.950157345118512
-24.532135652363394
41.986416845656066
-23.71345997394859
-13.650783007942255
8.71262281092236
75.23709343281229
-28.30039759223183
-15.944171857431208
51.911456459617234
46.801234772443394
-22.359848163471376
6.9882774000830095
62.2532401882076
-25.285621697155396
-12.685860149575106
22.04701145717981
-0.5906454578312473
-24.851283816307323
45.63963219503452
30.23410520278769
-6.832350074960967
6.348526813378268
95.81931000576233
-13.735308519165116
-28.535294415544936
-3.2055501123746524
-9.262308632845492
-26.917867194701387
-15.292159257399849
14.452478495843405
17.990331449849517
-18.073707592661457
-14.925393175582006
75.19606345455665
-23.277924004057944
-24.48931753796066
-27.177101707902555
5.424009137724113
-10.071199818712532
12.837899862484388
0.19760996738368394
-22.121370729231387
23.316828666027266
19.668709117110964
-18.26853410646428
73.50128533845242
52.776842486228745
-22.375455157525735
-8.987869686729226
1.2276638018133592
17.2630073475851
-14.435790753498381
-0.5836688214389207
-7.575813657036152
-15.754083492568201
-22.358254637589503
-18.852326794659163
10.913374203154525
-19.53631040772593
-17.79580012086165
-30.99331788111602
24.222888598146376
57.55349592735593
14.682232509994712
-6.357220252920643
-8.050146738411526
-16.78926915430043
-22.106714308974095
-8.691803762144955
-9.226234632990051
-28.724585533031647
-9.288163727772407
10.129207223969143
-13.680327337905098
-26.556712282627476
15.675430083184347
-1.667224307997637
-21.77274081214116
-9.432411744736815
21.398745476608948
-17.884354980009267
-18.21115881995156
-19.919037520726608
22.100880182582582
-29.693795130008894
-32.25682812737514
-27.059692113836906
-22.384506463972272
-34.29421579239775
-29.17579575391777
-21.578109913038354

 
 
 
Process details: step_max = 100000 n_MC = 100000 epsilon = 0.5 alpha = 0.05